image: 60cm_res_barn_2.pgm
resolution: 0.600000
origin: [-4.800000, -4.800000, 0.000000]
negate: 0
occupied_thresh: 0.65
free_thresh: 0.196

